2779
4984
4728
3798
3461
2142
2558
4818
3922
2916
4134
3409
2560
2294
3525
2582
2808
3121
2708
2560
2339
2782
3766
2382
4131
2682
2065
3085
4025
3111
3416
3927
3712
2431
2604
4640
4525
3915
4770
4872
3275
3362
4603
2417
2117
2997
2735
2864
2409
4210
3723
4185
2787
2304
2061
4822
3245
4351
3219
4655
3009
3771
4421
2697
3227
2603
2049
4186
3237
3288
4912
4190
2837
3746
2549
4705
2635
3733
2092
2778
4513
4262
4997
2127
4539
3757
3156
2306
4466
4398
2107
4152
3580
4222
4157
4276
3034
4983
2024
3847
