1820161044 liabaer 91 70 81 91 96 80 78 91 89 94
1120161696 zoro 88 89 80 94 82 72 69 99 87 80
1120161686 mm 98 80 68 76 91 82 90 64 67 94
1120161704 dayday3 80 60 90 80 82 78 92 89 65 83
1120161705 dayday4 76 85 77 98 79 63 91 87 72 57
1120161703 dayday2 55 67 65 86 93 83 73 90 90 74
1320170119 dayday 86 56 90 92 72 55 90 66 88 79
1120161701 dayday1 74 66 93 74 86 86 69 80 64 60
1120161682 tl 63 96 61 76 75 68 71 67 74 91
1120161769 dayday5 55 67 60 62 97 98 62 83 72 86
1820161043 盐须 68 66 83 77 56 73 61 69 66 78
1120161689 rg 65 70 56 60 78 58 69 63 71 78
